$ANSIBLE_VAULT;1.1;AES256
61316534393236663066396131356339616661313136656438656561363965653635613431363235
6561626661316364656264383633633965333662663538630a316662373439646361626264613039
32356161343261333139633362356164633032303131616330656635666638396630366164643565
3362616466623632370a636138663561643939333232323136343962343861316439336538323830
30383331636537326236353562316139393162323461633233333530353764356439613731393138
36636632646139656665303866346432303764346463383165326432623236663539363131303064
62376632303765623035613534626133316632353832656530623362643430306630313737376661
32636462636234663036323837366638346634613765636565323237333763653765616335393132
31386134666461653335333161646631313630323030353435306639356133366436646431646630
33353864363535343132643134393961396637616365363635613437393037636233303866333662
37666239373166333766653038656261666663343530313231343334383337356335313164326337
39616465666265356135383734313461333330306533316430643065383434343135303737363463
39636630623433376562353335383131386238353737383235326530316531303038303038646662
38373135613237633930663637306333343335393135326131306136386134633538653965623438
66333031376639653261646531393937393730343734646334343165383863636330623930396133
34363838306463383433656332343938646339643831656534333066663861306533393231326337
62376163626534643165383366393332383437623164623932636133663966306130663162373532
64323165626434323535626639616534633736613138636433363338343339353962353764353933
35303733663534393630303863316530366131343434306437356337333264333863363830353331
33363131656662646438
